$ANSIBLE_VAULT;1.1;AES256
64636566653434613234396565303437633834343964313232363638666530326663643733396636
6463623834633539663831316264346639356432393936320a313037383232363238633239383231
36366163366563643531343763653234626637303266623063383464666237623433343366616433
3630393964663731300a316137633233626465653837393638313831303435383265613235393239
61626637653865636534333839343564623931363233663161623233393636613032303138626335
39333836636663336566663537323331363533666635323464646631316637383332633030356237
34653134356163373037363366343865333339393861636631363064613235623033353335343164
38346233303933353537626261333238666333613734376264343834613362633462666436666537
39363135343462306361656138396631333332323738633666373562633865346232393333633431
61346632353030663837353136353363653138373032326636383037666539386166393533633464
39346361366235663532363162313938333763663133383664353832346535316431646230383262
39383165363662373062643832643330363761383430643962316437653037643834343631313331
30383334376634613464363733386562303064666565366539303534393463646635613039316333
3066636239373931393134396664653432303061363435646435
