$ANSIBLE_VAULT;1.1;AES256
31316266613835616230633863666233303266393466316362633033303133373033313338336232
3261623962323439623533643731316631386362306662340a623763396366356133383039643966
38323837316130303762316134663738393939313933353832613064303838356339646662623965
3130393230353332350a393932383233306436343932363130643431376462663330653139386561
62613532373266326530653338366661373564343534616164313630323832306437373037626532
37313862386332616264666266643037326130306466393335353436643362333839636534356365
36363539386639653135373562616531313465336532653234326362613238383263653864376562
33333363373330323739616132393034383533616430636264373365386631393032616562316566
39316332653966646338363661383138633432633162353136346635313736636235656234356336
37353966343230643234373766333265396332313761623364333039326564366433643837373733
65353132333730616466613936333161363737613661393264373961326265303133666465653833
33613732643535623837316535303832666163316463636436653433653935386231613339366437
38383330626636633065373339356262383031326562656133653335393935333536316638316236
37383861306435383466373533386335626432626230363831636661653062666664653839666465
65343862396539303138303934623862313065373937386431633533393837326563383261313235
62346332613961303963393862313734636535363236346339316633623063343966663066363033
66363531346664303261653932636532316333616336633633396437393064643839373431313232
3764313333343163336132653334363935373961626539303866
