$ANSIBLE_VAULT;1.1;AES256
62333834383264353561333166303562376466396337616334613536623133346339356566366266
6438323232313466653137653461653466643731393561640a623831383635336231366161366561
63633134326461623238663231343633336635316134633638626138383663336231646466333261
6630336233353434300a303365373036393735366364303235373039666661633563396135393937
31666330303733326530393632343637313565316462643463623434646630643330393163626339
39626230306531336663626437363532653439653566643339656365656633333534343162386532
33373334666538636366653662633162396335323063313566393066303662323561656530396435
33343037643532633539356634336139316436326332333432326634646530636139613131613564
32666332306139373836613330346365333932316634366664323464613032313663633531636535
38333465633737383932383166663263303266626432353535633534346233356335343135346630
30346534653166383165626561656434623235333035656430383062636564666530343431646266
66333766356230343330386139346333333463316463356163323466613165656137666137363538
39303632383137626363626637313131633530656462633237356636323565633836333261646364
63313638623436643136613066333161616337623334343135633462353236666534353464626130
30393734356432383131666465373934613264383161666165303933393865613634636261383036
64336332313332356135353961623638643064323430633234366564303963653738386362616638
6263
